0.886758
110.637992
2999.7
14.0
71000.0
9999.0
13348.912301
1500.0
9035.692216
1351344.462496
116.0
2800.0
1.468396
0.59524
15502.07575
391174.785715
10000.0
2471.069744
29707.0
8082.254247
125019.537
335.329946
8123.152736
5000.0045
9999.0
2270.0
13178.87
198526.177986
1514.026
9200.0
33067.74665
127994.088195
72000.0
9970.0
2.0
13000.0
38561.186859
106073.957656
425.617586
7825.3
199980.000001
29000.0
5226.116008
2761.0
11000.4375
74000.0
49999.9984
30900.0
3428.0
0.123
2510.29048
15583.8294
2104.265224
4930.320609
9999.0
5768.8
550.8
121.0
0.65
70542.191419
19273.125564
34438.432658
850.0
252488.941917
226.42
5.0
249985.000001
199880.473563
16.9
2000.0
113.154822
499950.000002
33937.717607
10624.767893
0.574255
5772542.442876
69670.503614
20115.376962
25494.477456
7222.859507
36025.345807
156082.375343
48686.578105
55419.310416
343.89681
3044.781782
446319.427589
46112.800267
5197.023433
20491.801229
63299.221925
55383.610972
22501.0003
84434.900658
414882.962212
8522.629999
110.581639
721785.223357
76856.433566
150114.312643
2110.010431
10105.986657
682970.976448
5840.146067
49886.980655
189.018624
406.018196
8160.0
128271.22902
107818.286259
1999600.020003
53067.904656
7711.086611
180089.115883
118108.062458
499055.374659
653710.479181
3076324.676026
27407.100704
93595.375896
267098.451124
374502.486159
633642.299688
160718.611215
5358.547922
6996.75014
427352.998173
3000000.0
571674.027364
442474.089967
45702.714342
131752.015722
9935.292094
132490.0727
151730.234181
127369.0
9447.155354
41702.731228
138514.094957
999599.150805
21634.691106
98397.895125
95624.559287
90903.056334
3.098761
104360.708138
8374681.985259
641925.401569
8884.004233
10000.0003
18634.928332
2176440.303918
202341.02114
49995.001499
216822.096718
9996.000599
1149540.069098
24492.753678
166052.61794
16515.392191
19810.732845
74818.538517
1.977256
332316.810741
31073.785193
189141.715369
13965.430726
924.630055
999.60006
333227.344938
19992.001199
784781.452785
9840.894153
1357.095148
243352.332057
299.999999
20424.781534
500122.094295
60975.621355
12321.222241
750454.791104
123507.39157
246341.305681
111245.747512
84033.241698
66100.949665
60979.206862
54925.634175
1240566.844686
1919994.375256
1028.792585
550846.407531
5000.0
134.683974
112684.812162
1000000.0
152004.706297
51904.918645
350.0
13057.817592
46274.595
470.542086
33304.802996
264131.404704
10.0
783278.386067
3115.783423
5260.13672
21221.99961
11373.0
8.582811
24000.0
641.539354
10607.0
142261.7724
2920.106199
13647.115013
2161.265308
220.929778
1516318.212246
466276.18726
36411.274688
10000.0
926440.354819
11643.0
10901.575594
50000.0
500000.0
2000000.0
50289.0
21126.132038
10074.220873
33189.561896
249.5
25000.0
170390.437747
84.0
103.140358
872.349293
32.0
1000.0
801.5
15984.694328
53439.240806
34268.876372
67253.17801
46782.09971
21.127006
45497.0
201326.387509
42779.28817
2399.759999
280.0
5000.0
12123.401082
1304.999999
4900.0
877600.0
1001531.244057
36.556398
836124.5
4975.0
7.0
458.457115
1330.9
187841.991977
8590.356623
159.0
10670.000096
92084.35945
56159.158305
4000.0
646884.514278
616.0
13829.0
15726.737356
168860.223911
1370.5375
71423.890694
2415.197605
728.031389
18906.173402
2441.591392
225400.0
475.246139
167395.580173
10637.805237
140964.174
542915.784453
5000.0
243761.961952
280.0
25905.843083
685020.515836
100215.879598
54497.608188
13800.0
18731.22143
23088.558889
728776.0
119009.345036
24139.276692
7513.965101
0.493239
43658.0
700.032338
1011.441139
33.820496
13000.0
11856.502358
83223.800653
25929.353287
140271.826721
622.0
1098.049995
69745.020622
4898.910119
2827.839763
279.9803
244703.541897
250.0
1.0
5159.290934
3777.0
26602.23599
634.0
1200000.0
262772.607307
13664.514258
14104.487348
3165.188004
415038.132684
14900.0
225000.0
5100.0
299000.0
3082.427162
13050.0
3719.0
1641792.838917
140.894896
1404.0
7218.0
6.527361
100000.0
155222.080591
376912.867204
2144.0
31000.0
59.0
133424.125734
33843.71
125705.3235
4085.196547
10600.233527
100.0
28606.151571
59994.099685
6000.0
6017.781512
3561.213305
3125.0
122.0
50006.255488
10000.0
115925.643797
40.0
351572.169759
525.0
856.2
23250.0
2325719.565451
72887.0
7999.999999
19197.86527
186165.385424
4200.0
76121.8
22927.21241
261.896718
4132.880812
4054093.758002
19100.0
12574.240823
19781.91202
8996.400539
4925.293263
5000.0
568.798172
1838454.799263
421587.287634
23421.142683
46644.903737
2000.0
1517860.884519
22845.039659
198356.172129
1.699234
9.999
386694.253734
39050.410079
54288.210968
2000000.0
999999.999999
1635503.975876
101.0
453.3
2176.0
100.0
3215.610365
500.0
50.0
6904.975391
1000.0
25000.0
132825.806654
0.13
12.0
20.0
10.0
655.307628
412.550169
22470.0
29113.343441
48983.061243
1820.0
6764.371135
5951.0
0.133
10925.210064
1.019142
1000.0
12117.229527
8460.984275
9756.0
145.0
30423.891546
100.0
6600.0
200.0
400.0
0.131
39117.035028
1400.0
0.138
633.953631
1.0
211223.5
110.0
269099.17257
141.817933
100.0
700.0
308.891242
1.0
1.0
451.0
6460.837168
0.136
16683.492759
18000.0
49396.698277
1000.0
500.0
20000.0
5170.0
59499.487614
1318.581163
330.605101
402014.044501
64231.896502
1000.0
100.0
0.577677
2470.0
10144.0
160.0
19797.510902
0.137
97.0
47000.0
988.0
100.0
1000000.0
649.8
1000.0
4115.321943
28.0
39583.88349
100.0
260.0
11000.0
5000.0
15424.888593
5000.0
25064.0
4507.901292
2999.977955
1052.1158
87255.770813
205.473538
500000.0
298425.073982
129.316226
10000.0
9531199.350768
3000.0
12558.098558
1195108.717977
1000.0
267243.218588
18220.765198
181193.305939
1243.404062
9218.279247
97596.584598
59975.0
2000.0
463518.977625
14344.226057
2674.903446
550.44495
1781.863561
11000.0
71507.618823
6413.347525
1011.463398
0.122
61300.0
14975.711013
7000.0
690.0
6979039.0
1023831.690446
1100.0
15.528765
30000.0
630000.0
901635.673818
25000000.0
130743.727557
509.948999
528138.18645
100.0
20405.495357
3535.258937
630000.0
630000.0
118000.0
100000.0
1441854.994387
100072.222423
12191.659298
100000.0
341734.507531
150.0
20000.0
15000.0
2565.821097
5000.0
1533.941062
5000.0
1500.0
311176.626521
13.269217
20547.470914
851843.162035
18100.0
665086.345503
1042.528717
35.0
30.0
2394.663299
252.0
3060.0
299.366553
1730.384467
320.0
1000.0
1.0
12.0
305.999999
360.0
300.0
531.23924
5757.313346
573.0
254.0
17000.0
0.128
260.0
7526.6246
2332707.979277
2639.746886
999.0
0.089991
0.135986
1.029372
0.129987
44.9955
121987.8
2.302514
49.995
0.119988
941220.704615
200896.025287
10000.0
153538.0
40324.996121
40197.337727
351082.643948
24000.0
818567.852981
34695.0
58854.0
1000.0
18330.475361
12120.000119
60538.510663
8500.0
10025.0
814625.0
400000.0
2300.0
500000.0
1200.0
5233.978664
103646.148081
1052.84582
18000.0
35165.0
1257596.399581
678.0
1707397.831849
57086.448795
50141.0
426882.861852
60000.0
10000.0
830.0
90282.709975
40000.0
301564.0
39000.0
15000.0
2000.0
19334.996858
1050.0
86845.420587
1000.0
101601.262298
733004.428179
6896.357675
350.0
21497.816744
3393.488069
44.994038
167007.941613
35000.0
8289.0
1570000.000001
2222.0
3500.000025
95361.0
5022.5
10000.0
516891.031402
5048.943927
710250.0
50190.212198
27696.0
139212.439311
2000000.145022
25234.223529
50000.0
805958.897964
20638.0
560000.0
7000.0
6964330.0
13669.10021
10.999999
13192.960827
13599.64
182289.223966
125000.0
2800.0
163160.0
9000000.0
14.0
90743.0
37000.0
64572.861026
1000.0
250000.0
32649.398999
30000.0
27599.199999
3200.917396
1057886.250079
18099.498491
4000000.0
68070.75097
96871.068878
53177.0
80000.0
33083.0
60400.0
3499.650024
2888.804652
10000000.0
1039.380212
19028.896538
200709.061529
30303.454102
100772.081345
35679796.0
14034.0
602791.097388
105050.0
10000.0
199586.0
3015.066947
1500000.0
232369.173317
458000.0
24515.0
93266.283757
3750.88449
108880.0
6650581.779997
13040.89784
32494.496447
3715000.0
14573.977349
25.0
543990.0
250000.0
52703.096553
6922.958399
233600.8404
102889.709999
16000.0
509773.0
99999.0
180000.0
6463.299539
271860.0
1252366.000003
1267.886655
79501328.0
3188.484783
5007.871383
6.0
56.764578
114119.5
1407602.837286
100000.0
66705.1
178856.113867
5999.0
6156.463728
200877.0
200478.034745
221174.0
5900.0
49999.999999
120000.0
500.0
1200.0
256800.0
2445.459786
100000.0
10914.0
7000001.999603
18370.606446
3003.365107
14700.0
500.0
5565.029648
15671.06985
2335000.000053
2520.0
130000.0
3230.397249
50000.109999
18990.0
219999.938586
24498.252999
203953.444684
5170.0
1000000.0
276380.552755
1565.072644
6000.916654
5000.0
1431629.322592
100000.0
50000.0
66700.0
2500.0
271000.0
14035.720957
9.998
27237.551672
10606.9392
49.074812
999.700029
6010.43957
0.137958
80.593371
2000.0
42178.708487
1381.585441
3510.510901
340897.710229
1.268345
1199.640035
1121.775611
8197.560241
3775.260984
24995000.250019
1006.044346
188.943305
1017025.139248
99.970002
0.135959
369225.713779
199.940005
33643.670926
49885.031496
236.95132
109.967003
31320.367461
126886.0
15933.869319
1159.652034
1483220.609356
101.539349
0.247013
9.999024
2648.940159
0.135945
930950.557298
34541.311907
81.584087
999.70003
2549.428802
7.625311
4877.79443
0.140943
2619.219736
2054411.815675
190.220189
560.663484
0.144869
1999.60002
429.785042
50000.0
37542.480601
2700.0
17108.0
2729.098638
79130.337889
60166.167924
3750.78782
79136.275305
79131.40532
1.0
38258.893535
1500.0
79131.058044
70000.0
263000.0
3600.0
79130.261008
1050.5
15.529167
10392.234762
42906.579217
4937.906649
44078621.0
3684.588065
2235.908238
166829.0
11500.0
31694.091943
3.75
263697.51195
79132.149167
79131.272869
2483.0
20000.0
688.839974
2678.978685
600000.0
259.865406
16740.0
5657.874599
2609.676792
400000.0
160260.352441
94150.0
4422.015168
50000.0
47000.0
100000.0
585.938526
20000.0
10.0
39069.295671
1250000.0
1073911.351378
1000.0
15216.911752
0.0001
1544.383425
886264.272074
35617.133357
147251.151498
125000.0
2891.935799
310442.274202
58965.0
1042.527288
79133.925354
0.9999
285.999118
2000.0
10000.0
10000.0
1288.166603
100000.0
10.0
400.0
1000.0
100.0
26.22445
7500.0
598.607838
5.0
100.0
77.497092
4265.0
2000.0
100.0
7800.834767
36390.026664
100.0
334570.0
430.0
1017.29807
1999.999999
7979.214482
30.0
23171.368575
125.0
282.0
5059.9375
15.528766
26491.0
20418.0
2.371639
0.12
10231.8912
132.023914
100.0
5.0
6401.406715
198.0
0.112
259.0
358.0
1626.0
6458.208135
1.0
69303.0
510.0
100.0
9.0
18390.304493
58317.744873
3580.870235
39400.0
19930.0
53.0
0.116
44496.791285
5.0
2409.9234
10.0
100000.0
300.0
0.122
0.0005
6754.444596
3076.447907
74557.67
1206.637696
2622.595886
1117.558897
42417.889974
10.0
500.0
19100.0
200.0
4.0
21.496066
1.579842
0.349965
6844.3155
246.75798
117500.000001
354.726335
4000.406673
949.905
15543.494983
739926.0
163630.290099
3002.0
17979.636542
9875232.415003
7079000.0
1098.059432
251.9748
9984.173032
619941.999999
499.95
6776.937927
42.466358
42850.0
3632.641014
51.642636
5905.981757
716.91901
31116.311915
1749.999999
10000.0
2.485518
10.9989
9062.999999
553742.620199
105.199146
1828145.146601
190.860912
18298.851961
34362.78218
279.972
500.0
15.343379
100000.000001
66680.168206
3117.875892
37860.0
17.733659
8631.883639
509.979
60.69393
49.995
2410.639265
1e-06
6243.024431
5950.0
99.99
55737.328794
27020.0
1358.0
4478.058648
259.974
53002.474792
49995.0
114.9885
5000.000001
20240.552969
42912.82339
99990.0
4999.97877
50.0
9269.01069
1499.85
469.953
5000.0
200.0
1400859.9
0.488162
1.054143
5078.085316
0.127948
1724.482551
1148.674631
51.9896
32948.516922
0.9999
670.791952
1051.700868
5977.026961
394.952589
115.971702
3190.730941
0.004685
30.11984
18996.200191
2e-06
543.891205
272.159905
300.912708
1201.914644
30521.088744
6989.459824
0.010198
12026.160383
40.373877
31.585223
0.9998
0.004993
689.552591
1.0
0.003012
21459.177946
2.145942
5e-06
0.144942
24990.001502
8936.846081
631.781156
99.980001
1.0
5721.404601
100000.0
51700.0
14757.719575
1889.986184
500000.0
150000.0
25000.0
100000.0
10000.0
24313.137888
5000.0
25000.046667
540.0
1040.728439
38182.265177
26498.856516
1000798.810214
100.979801
499.900005
0.004999
0.99334
25776.843857
1.900405
70.734234
3270.591801
42271.544422
1004799.010054
6396.681103
35768.395302
773.205335
0.137972
1.79964
189036.163409
0.016
11746.419473
7772.22298
213275.508316
1.4e-05
0.005
43491.300435
100079.981001
4540.091845
2580.483825
0.470362
9998.0001
49990.000499
9856.951625
499.900005
7105.578671
299.940003
49990.0005
2e-05
24821.35754
9998.0001
26142.312639
49995.000094
22782.777927
1008681.689953
96945.041346
96.9903
3280.6719
5000.0
16017.156593
3495728.523588
38682.35678
7653.378621
102.341077
2611.301815
3077.036414
179.8981
45743.880038
377537.208369
100000.0
9998.0001
3045.0
100.0
2349.298227
5496.943514
1216.9
100000.0
64142.999999
42145.722606
3999.6
6799.999999
53000.0
15.0
2.301075
131360.0
10.6861
349.039048
50000.0
500.0
6980.0
5.0
4000.0
23000.0
105000.0
160.840674
500.0
1000.0
40785.614198
68823.085127
2009.0
743.34252
2569.478718
1935.0
32338.081347
1500.0
45750.0
0.156924
12415317.428051
104326.155793
50.0
70000.0
37000.0
235.0
6547.0
30.0
11432.329514
68000.0
86510.929153
2400.0
69863.356465
2500.0
50000.0
900.0
66424.706555
1152.965666
1440.0
6577.0
181070.0
43750.0
34000.0
137.557441
588722.599921
236.0
350.0
100050.0
185926.0
238185.122647
84807.031231
49.9367
72670.41186
15.529089
355.551411
4710.675257
0.4
180.0
33630.850292
400.0
167115.200166
4425.910666
5566.105575
550.0
350.0
183163.153864
500.0
21000.0
5955.0
0.128
10077.0
200000.0
821.388809
1238.988629
2111.0
1666.0
4508.83106
51.035035
200.0
0.13
0.126
1560.110349
18328.710553
14.329089
11000.0
0.118
2.5
0.05
44179.901288
43157.595111
6470.318585
7822.0
200000.0
21655.586903
27370.0
1.3
75182.861453
551.0
45869.805078
23000.235251
20800.0
1000.0
5094.074041
2990.0
100000.0
16217.978899
90000.0
26430.0
9851.0
50000.0
400.0
11662.250605
2.738137
163947.902505
400000.0
10.0
21892.233624
152748.43085
4342.738404
50000.0
1115905.128512
10.0
274.153964
10000.0
871735.0
95.0
24062.0
9.999
5e-06
0.300004
1.0
54500.000001
0.143
99990.0
1999.999999
1e-06
731371.823491
1000.0
45167.731816
2969.794771
2851.345225
7145226.429413
50.825368
0.133
12900.0
2333.745788
76567.901188
500.0
1e-06
10.565663
3090757.324522
1510711.674178
12830.0
405.0
3244.000001
36380.0
1623.974577
0.3
12266.441652
600000.0
300.0
100000.0
607721.236953
2146890.078465
24333.0
5000.000001
4.9
156361.95236
9.999
10.0
5025.0
200000.0
122.5
113.710877
1000.0
0.45
6409.64625
6000.0
237.059559
253.0
3188.0
22897.468663
74.999999
0.125
30829.420271
497.986138
650.0
134.079109
100.0
150.0
1442.0
118.474271
2.474473
0.123
453.0
0.133
100.0
35199.0
141.55
1200.0
5000.0
498.0
18837.815873
20.0
10.0
100.0
125753.0
29.108412
156612.553001
180.0
477.06611
5000.0
26.997831
1400.0
23459.441506
41071.328867
1000.0
33609.178522
500.0
360.0
2644.958165
49135.867824
35000.0
1143.8856
16025.925119
240700.0
0.145985
109.850608
1.224219
999.9
499.95
2169774.932902
0.124987
600.0
2.603097
0.9999
69215.078921
50000.0
199.98
106.315281
1678.0
17539.0
315072.534601
58.489659
1000.0
7637.039598
640943.0
20000.0
99999.0
904.210862
770940.951717
20000.0
380811.0
345222.427015
171996.404235
20146.0
61400.0
2364909.269116
7107.0
32.998
682.0
112900.0
32749.0
200000.0
37810.879941
4010.702604
93000.0
2000.0
50000.0
1272852.005
240.0
1049790.010502
12825.934427
408480.618844
1500000.512604
17684.205078
175684.52477
50202.496005
1082.289337
185.127376
78000.0
287004.104259
105583.755843
1599.424103
41152.233188
1000.0
2418465.522917
30.068558
3499.65
25589.423405
28190.901678
1000.0
30586.862375
2099.073831
165690.37386
17996.40018
399920.005648
4812.625405
24595.080246
673.595701
19999.999999
19988.003001
761799.981343
30.981404
0.429626
300.919385
414.751062
54575.868756
636076.220716
1387510.238941
50000.007503
99990.000002
1000.883834
29783.124196
2099.580021
2999400.030063
3194.107031
27350.0
1548.0
51174.974674
150000.0
2430.495832
30.0
1000.0
1000.0
500.0
18734.076339
0.132
64192.16622
22727.74745
1650.0
6003.164977
15.529043
1798.235636
10000.0
35818.022135
5514.482779
10.0
9200.0
3.0
33252.390825
50000000.0
512859.429066
0.127
14931.433701
2500000.0
1719.687897
19998.0
10000.0
0.125
33919.74525
0.127
15420.923852
218152.0
11.38115
14599.581733
992.063108
97.5
100.0
5016.0
1041.497253
9794.014333
100.9899
3495.0
1739.758626
146.0
1049.0
15660.0
290.0
1937.291782
51.0
1689.755997
7000.0
16075.971859
58382.376447
29363.205609
508.055675
14320.487616
117.522753
126.0
112491.451516
43250.0
134.570132
5000.0
1000.0
2.0
10.0
190.0
635.0
1000.9375
79000.0
23.129831
328266.990867
20000.0
53241.5
8460.663569
27227.0
0.13
23852.029179
266.0
5000.0
1000.0
16000.825115
56.0
3369.9375
74104.0
9185.528343
1100.0
125040.187285
8764.653394
10462.309711
29547.520727
80720.0
10179.68
11995.469448
4832.257808
2418.24704
204.7
1349.424363
16725.0
24209.236968
4891.130501
5000.0
101.191272
3.0
208.13
825.0
2647170.707879
24671.579193
723.0
971.002382
1105.043528
503363.636347
72794.685042
1765.616851
643.0
128074.322494
10.0
62717.100686
1.0
50950.0
85121.610422
252244.490343
121.540153
12416.937024
50239.230669
146330.628518
479.546079
1600.0
10000.0
8210.0
2000000.0
7216.910016
26142.053749
483.672819
37854.903286
500.0
592099.163118
20000.0
6360.0
5438.92823
71.260568
1855.626588
3846.351872
7005.0
128643.003242
10366.575068
31000.0
15000.0
827.0
541.0
170.0
200000.0
31739.338639
4500.0
3660.0
222.639967
3647.35
1128.0
8123.049755
81500.0
4350.0
7047.271932
1750.682381
9065.346614
5.328639
31472.755492
9600.0
4420.0
60416.453392
1061.728913
201280.061633
7439.785594
18000.0
1111.121093
276.697055
323510.0
25524.300179
10000.0
1181.465724
84247.420883
34747.494641
13180.0
180929.390211
13.448952
18098.183101
10.0
7389.046132
44000.0
135050.5
80.0
475896.436402
4929.439668
5651.0
12620.0
1000.0
10617.852429
14.123695
118329.601569
7055.641814
61009.869118
13984.211533
10393.712339
900.0
1021.0
109801.250237
553.985103
1329.612144
205.485313
3884.173901
16983.03624
339000.0
10000000.0
464.352652
9403486.864765
25500.0
8547.133191
1528.384662
132383.546243
170197.103685
205445.351037
90423.9375
1600.0
16283.25845
82457.972883
20.0
520899.877554
252.0
97.5
28900.0
23664.0
200000.0
1623.77141
25755.0
10.0
3000.0
299.9375
75782.250379
1375.9
325.0
0.08977
1869.348423
4599.0
1097.8902
0.9646
58820.266968
12027.392919
1000.0
500.6
356375.681548
805316.985638
733.534258
9444.393819
1216.684653
50.0
1.247195
74351.0
37525.899409
818.427593
22.725722
123844.716904
307.738923
50000.0
250000.0
6890.0
10197.0
5000.0
0.12
11111.893691
15000.0
70765.186426
80704.309476
88543.0
8198.226081
199.874573
668.0
6844.591472
4355.0
553.826251
0.045119
33322.710237
212.0
6975.0
299129.413529
5131.069803
209.69896
1985591.495573
591.9125
154827.399048
18047.409861
73418.0
13891.335278
132.559195
23931.246971
1240644.556552
171822.203922
83907.622532
249.773375
56484.609851
2500.0
30028.15
95499.354805
199.0
21020.0
26832.258217
1003862.515672
4774.400156
2873.512446
576.0
3679776.0
94561.276426
1726.0
340559.012103
1196585.670536
343245.0
51800.881221
4197.58242
23028.013495
108.0
4620000.0
57860.949887
26426.839537
7000.0
8.917291
2403.96879
56.025284
3552.100608
10521.86045
646.0
18014.421152
235.0
0.099999
818.0
20000.0
278.5
56228.883637
1053.048248
746.24021
1180.443703
4000.0
77500.0
46120.742344
250000.0
2575.0
801.429999
70.0
65148.019649
3047.0
330265.33725
4394.078958
5.6e-05
22245.0
97043.0
0.110893
7190.0
2195.016385
8204.074039
3606.945271
8329.0
10001.946159
195818.423452
1602.950809
477686.764445
1000.0
1994580.310626
207559.149033
725.0
205.52964
79474.938939
70900.0
41670.0
7.0
1190.0
31850.225269
111520.291276
5000.0
157543.96
5255.0
100000.0
4401.376245
7397.0
404799.7414
18000.0
13069.277712
96974.240849
48747.798642
46990.0
40910.0
4.0
10.0
201564.182496
387141.869299
75430.0
10937.93757
136412.368205
252.81
1.0
66421.172092
1897.991989
30533.70087
20003.0
46854.033724
4244.194356
144.065571
6402.041147
13817.432891
12763.655
16000.0
5524.474688
3329.342721
544333.853968
90.0
54398.901263
1730.230335
191687.615627
300.0
5310.0
636.036631
62499.0
27.355633
6857.314746
3377.493546
4999.999999
2667.466029
90.809112
331119.482192
203871.488202
26245.97
86165.646039
613.70837
50000.0
1153889.28778
32422.442449
50000.0
31411.59478
10000.0
106355.185248
35300.0
2460000.0
0.701712
229513.523181
655148.629897
87.206229
1044901.5
58973.259231
0.004499
2658.690727
0.969
99.99
0.9297
41006.586546
0.374962
73.77742
12908.334345
18976.102199
20000.0
19078.159048
1015.0
14078.66547
2068.109151
20000.0
100000.0
10000.0
10000.0
85.575041
29.45559
1257.753744
12.996648
59376.0
16.093517
2171.640237
24738.179106
6036.221949
5000.0
111934.0
96565.299819
25000.0
3498.803743
2543.616218
3393.173028
46569.45504
40.0
14.0
4999.0
54000.0
85.0
2608.0
42750.218507
40226.759209
289389.999999
1276371.042381
499.900004
99000.0
20.0
623834.492652
1514365.802532
1027.652091
980.0
167000.5
213777.0
500000.0
506.520583
17165.222381
404.173273
25.0
296.3
27721.092642
121968.0
2.5
60000.0
189498.522712
19275.858559
11304.0
8034.566446
27000.0
1711.999924
630161.270874
12330.71403
5210.0
4000.0
510000.0
25430.433938
13768.994036
63321.707855
24102.781071
1000.0
500.0
76549.0
3.757334
189300.0
10338.611179
2206.325713
1301.420451
50.0
1000.0
1746.774667
826.0
42000.0
470.546047
1999.999999
60.545432
21500.0
191.244683
473.725389
722.895157
132003.834204
3505.891245
29.279158
133351.533176
380.709271
141.803896
2261.471535
10400.0
1980.0
14489.919126
156.0
10000.0
40591.414416
2500.0
579.826016
36546.072807
130.9
88984.656379
982993.204908
5000.0
4930.81084
6068.0
1118690.0
17939.816876
2689.0
42124.865442
50000.0
70.000001
10936.770265
2045.302045
63363.392457
75537.753932
74593.0
670.30279
19220.228631
70000.0
134768.0
500.0
108.0
50000.0
330790.43365
540.507322
51.17388
6000.0
40686.396049
41520.224697
10000.0
5259.3
908.6
27000.0
200.0
1433.620011
35909.712532
0.117
5000.0
254.0
46605.480889
13352.041064
17.0
74000.0
7816.708207
20115.756491
49785.073942
738856.195672
30908.327413
14351.114282
204156.0
5000.0
13579.0
9.9375
2800.0
10701.999999
25000.0
918889.845756
50128.219797
47649.0
12825.845299
100000.0
563.012264
26375.0
1384.0
1000000.0
15732.0
85971.004829
10249.830488
7094.849763
301.414012
10000.0
3016.585928
100000.0
50000.0
2000000.0
100000.0
42540.598751
2647.106358
5532.92748
412.0
523923.470984
7551.226845
100.0
10200.406719
12268.920848
30548.66246
19735.755163
400.0
7268.237052
349.075915
2039.846943
184.295679
8125.000151
580.0
11000.656381
179.0
40.670386
700.0
50.0
1050.0
297833.0
51399.479317
10591.663827
830.0
11.647
3200.0
7786.573338
45.550976
63.855837
274.427766
20196.713418
6198.431942
496.651539
63507.629286
463.097997
50248.411808
2158.097958
6808.926048
1146.594199
19265.249932
3725.289469
100000.0
339191.441485
24787.311662
10000.0
20418.105031
1855.088612
2260.805807
151.646048
1439.139284
4200.0
500.0
13083.0
449.0
22500.0
106.575562
27425.416103
1.0
175.4
30.0
1111.139221
68439.919104
8528.598718
33750.313348
435.7
15612.420177
210070.925865
50000.0
8633.0
28.0
3000.616724
5700.0
113.454994
15.0
602142.279024
18250.0
23137.210169
132.57974
417.0
1052.786921
54826.247387
60923.775174
2000.0
7000.0
28.1
112806.630272
100000.0
2400.0
983251.206538
242024.054161
474.999999
5091.68
17.9375
999.0
6360.608318
1424.367951
1591565.505268
33252.861729
108.003851
27073.954985
372.0
1019.920109
15400.0
400.0
1440.012406
1054.130574
799.229182
77500.0
6642.891848
12538.389205
225.0
128.0
4100.217487
935.0
130.0
5320664.773212
12298.689463
52.5
2002131.495856
44073.0
3123.0
41268.703212
83114.579248
21024.969996
876.923798
30.0
22089.845754
92569.061871
5000.0
4000.0
8309.68972
1.0
4000.0
250000.0
193400.0
1893.0
500.0
85042.692381
1105.614497
179927.0
20618.471578
133.074607
2000.0
23304.135185
8998.0
500.0
2706.560776
0.649892
4663.98427
57518.0
5200.0
88020.0
2440.0
1000.0
39214.332187
3608.857001
4211.608195
46996.162001
2377.118528
132343.185323
1000.0
200.0
2024.86013
2358.0
20.0
33.995532
41724.0
300.0
2026.366413
5400.0
45134.750444
12001.0
3550.652049
99687.733262
90.0
3000.0
1000.0
1460.0
7477.0
2792.675692
180000.828547
23388.120845
1483.0
14000.0
998.165106
1000.0
5127.69976
2772.969527
1016.523755
61528.979382
4515.022723
93.0
400.0
5090.520841
504.0
13300.322619
617093.946836
244.667993
7875.087799
1.11086
10.0
79918.075068
1140.0
719.0
21644.125397
72009.924318
6298.370932
169.584397
24945.533851
30740.0
15000.0
2009.999
3042.349839
3000.0
27193.908358
1000.0
29786.749886
2500.0
3.0
12400.0
6.0
30000.0
1280.0
50.956219
10000.0
4252.675488
1869000.0
50044.678353
314023.64277
701.740089
372932.0
38507.094004
6810.459815
851.561568
1.0
1050.0
5193.872336
427.671495
7.0
360023.917428
2055.003041
980.0
4100.0
1100.0
500.0
10000.0
15000.0
439686.131123
3352.063937
66.719439
10000.0
10205.142763
286.74827
3369.93709
83179.631534
0.12
2500.0
0.152298
0.1
510.0
250000.0
1333.030413
5700.0
18497.500524
38312.801434
17590.077287
4482.146103
1.983826
287950.530177
21650.203882
64828.847196
4535.618101
5000.0
5000.873354
1000.0
4574.283223
85000.0
3630.755902
5115.862421
35260.890516
622.977635
59.994
560.967369
0.620767
25843.097481
23750.448934
59.325179
14998.5
20.14249
5000.0
417.283244
748.144491
0.889063
198.940305
49.985001
2445.310694
33381.892848
2584.764901
49.99
510891.730477
68364.699051
365.934502
45.0
5.32873
5217.58267
206.251171
4653.069246
2386.385749
139.081116
2226.4
26295.178902
249.151274
659482.531588
224641.0
81.613641
15822.393229
3769.830849
3999.6
344461.0
167000.0
115364.696202
36.9913
49.985001
997.0
19.994
2234.769482
1416.322804
66048.0
81035.6582
5959.848091
5.9982
63615.0
1999.400059
3290.0
78131.306933
300017.084724
33122.26247
9e-06
49.985001
49.995
17505.250077
39497.456712
26802.3195
368.423151
280000.0
499.850014
12.0
9e-06
89392.608526
582084.258622
867.957602
499.850014
55653.274389
2900.504413
69737.789775
42.554434
55700.0
79007283.161534
34997.25
7339.745776
72734.001653
718.334135
49.985001
1784.611116
49.985001
1000000.0
0.872238
145.022508
47717.13645
807455.957674
119.988
128.701588
1891.220646
54115.085352
201695.0
11604.37173
432910.931839
50000.0
66472.290885
2500.500025
49.19508
79007629.083277
9997.000299
79007657.999002
1309.935422
53793.72009
418481.566038
100000.0
18208.419146
1.0
22706.700478
3598.920107
2486.570373
94669.156437
34.09746
80.891888
3304141.521838
5861.931356
356250.538659
17784.030496
11000.476141
6324.540782
29592.72293
2799.92
8600.120134
300465.487605
22453.448289
145.0
490.852714
198.980099
22576.606472
1329.601039
1.0
109.602756
118.420588
540.345215
353189.947016
378.078535
10685.181138
39996000.00003
81.754653
2539.746
0.0587
4638.47544
200.603647
90.0
999.9
363973.485488
75808.034595
16778.365427
265.485013
3000.61592
1474.288653
129953.070678
700000.0
0.126
0.142
1000.0
14235.173035
6000.0
8145.383
1529325.239257
895500.0
152054.913588
222.222222
52.144843
42995.0
8060.622849
310195.198513
0.144
30158.0
111289.020887
90000.0
259877.0
73827.89246
26164.548444
3000.0
13116.0
1997.0
85.0
18000.0
54270.411759
1.0
956055.175546
3861318.799444
220113.405837
9625.174293
15846.0
13091.77323
10500.104063
116.94055
2000.0
69000.0
10000.0
317.339434
169.960183
6277.409539
1613.205795
758.986766
219.0
2527129.579686
267.5
2646.541959
29.0
5130.0
10000.0
100.0
7297.64
2683.980376
2699.96
125000.0
18000.0
246.762324
10000.0
30.0
36250.0
145.838329
65000.0
75000.0
118227.979185
370.401808
10223.350829
143218.546435
2.5
4986.521033
1018945.272259
1245.0
6541.918864
7307.90898
756.032901
20.0
77288.212884
384457.0
167000.0
3188.0
134.0
4598.145814
1000.0
250.0
29000.0
23115.52
0.002
4704.0
2380.0
23108.426552
342380.316423
250000.0
3017.0
400.0
120.0
510760.0
14282.726305
124.0
500.0
10000.0
100.0
6000.0
1000.0
38818.873598
2500.0
11238.422427
0.1
1103.0
20000000.0
49.0
145.155549
50211.4986
1993.054056
500.334384
0.113
86.388551
17101.441881
102586.506788
23199.040428
125152.468278
45751.575453
14586.0
0.2
17830.0
66072.69025
7631.492572
250.0
615.998465
11504.909834
172.0
127.424972
70000.0
250.0
866446.558171
5000.0
1780.390942
2500.0
258.303273
14361.558153
4000.0
90.0
100.0
50.026904
88.289758
5000.0
15000.0
12.48
1299.390073
8007.410749
1989.636164
0.122
34.126861
176172.988265
206.0
9576.388318
109.0
6199.873349
963.0
1298.0
21690.379164
1792.593302
70000.0
0.114
30.0
1500.0
53347.179384
4105.0
50000.0
25187.135174
151.0
200.0
147.017749
6542.0
6700.0
111.698527
220.727197
10000.0
3167.0
12310.342056
100.0
25779.841261
0.122
178.876694
200000.0
1047.073021
8451.0
86500.0
1520.028035
11500.0
10000.0
770.0
330.0
483945.565467
13579.0
0.00011
25000.0
131.184479
2536.736334
3426.112973
100000.0
1336.149999
19989.875
100.0
100.0
562.285839
15978.676592
1000.0
2000000.0
199.0
291.74
10649.608648
13773.783989
1057.114935
26825.567516
22143.867446
151.324276
1330.0
1000.0
192261.96106
254.947979
1001.0
88.429569
2173.892035
19431.125622
5800.0
598.683563
52.0
624.0
3255.0
7061.805546
3811.86095
92.0
13978.0
42271.214401
250000.0
10.0
170.0
1758.415529
10250.0
0.781218
22.5
1150.0
1000.0
6272.668134
11187.664761
50.0
2267.0
33220.961494
5698.560158
10294.0
600.020335
17000.754329
168830.205495
80.613416
2073.499999
452777.471636
17439.022907
5810.096593
2811.4
4480.0
454.867041
3923.34508
167089.223633
750.0
43518.206923
116834.618938
1261.670794
3224.388857
150.0
1421.732895
113.0
246.478016
336.872029
6208.0
243.8
3147.574471
1000.0
35404.0
11096.673067
38643.279516
2705.680174
21997.377518
0.13
5304.429111
12970.345837
2.032688
283.0
437986.691008
101235.454629
5800.0
43529.06917
5986.46022
6356.775642
28990.102244
1418.915437
332.273531
99.99
859.656051
205.86284
24990.001499
1095.452109
981.558343
0.9996
5997.000599
1399.440083
654.155906
1644.911677
10099.960005
0.149925
749.625074
1174.590052
2.570792
117084.353689
119018.178995
651.781842
8097.570243
4.223811
463.815663
69.972004
0.04
97149.986214
28900.74309
899.7101
213.9941
1120.0
610180.986118
43589.962835
0.7501
5425.290406
13390.993
74992.5
0.331084
3734.66943
5000.439429
13200.0
830.209649
10697.678423
16496.155063
435.390202
1383.136885
100000.0
9000.0
1340.0
64030.800461
6269.49
106089.39
1343572.881254
135.053237
1007985.170897
767.996
9999.937893
14745.543
19716.0
166290.471867
10115.713981
7604.5012
210000.75
20000.0
2903.47857
20000.0
6548.208655
5009.399272
70000.0
36248.186876
206404.785082
16221.847696
1000.0
84352.666027
62690.56273
1871.0
199289.797
21309.497753
70000.0
31355.772001
121.754421
1225.0
100000.0
19637.905641
0.002699
90.0
38346.900287
5920.9488
9972.108401
18596.039551
16481.0
51502.771935
13.428423
1810.739402
7037.423022
88746.728297
27029.805524
7000.000001
26999.2998
315.0
2999.9981
141332.786454
30000.0
29934.940758
10000.0
5270.0
28713.845438
5173.569384
173316.3333
42600.0
75000.0
5209.0
1e-06
10.049401
124551.156931
8897.0
49761.671318
48500.0
34928.871819
0.001741
443400.778236
224.0
3667.456358
3150590.000001
176.970528
335233.682618
385.429918
2442.221026
499.95
1000.0
36143.72702
20126.82
132985.484691
1000.0
39060.004095
73.192061
133236.691551
92781.551687
5225.677885
0.816869
240.863661
0.12
10.0
1069.013964
60000.0
500.0
8.0
63255.173515
7550.0
10248.0
0.126
1000.0
59.109786
300.0
200.0
40.0
142.0
15860.0
176.0
250.0
11.0
343.608224
20256.826653
2.078565
200.0
16499.0
67.723888
100.0
9.774308
13579.0
3550.0
850.0
200.0
5.155635
8024.085773
42000.0
30.0
5998.072594
236956.0
1000.0
1266.720543
5.174966
1556.0
2357142.857142
7542.0
1096.519168
110018.165368
11326.159811
1053.289836
6000.0
6.670369
15.529127
1689.0
2.0
155.0
1343.25031
286.0
0.51
100.0
14500.0
1.5
210.0
170.0
1876.982288
2000.0
1600.0
1e-06
150.0
112.772947
0.419924
2133.355534
200.0
500.0
1.0
0.127
44289.498355
0.125
1370.0
105995.0
1822.825279
4.9
2250000.0
8.0
52270.0
100.0
2.0
5374.0
10.0
3000.0
500000.0
1110.0
0.01
1.154316
84900.0
4.99
1425.761442
0.13
10.0
10000.0
1082.0
14983.0
1000.0
180.0
100.0
10000.0
8600.0
2999.999999
10834.0
33.746169
140.0
479.0
14.235499
862.0
124686.629999
545.0
0.649962
5.0
10000.0
100.0
1533932.611231
20.0
13000.0
250.0
193.345912
1548.951361
345.0
400.0
700.0
100.0
5.0
253050.869306
252.685227
15147.686037
1e-06
1538.0
0.135
500.0
0.133
9414.885599
150000.0
3379.75
22482.0
280.0
1887.213795
9907.0
77187.923328
2119.75
2904.408643
685.0
18.0
10.0
352.220379
95.0
2888.905153
99.75
998.75
2537.521681
80472.209055
200.0
500.0
739.701119
77.320076
1.9
0.139
50.0
2500.0
500.0
3.0
165169.674652
70.0
253.223218
1000.0
80.0
161.107773
1.180494
3996.0
670.0
2.364489
12.0
99.75
50.0
0.123
1400.0
129.118315
140.4
70.0
6483.4679
29.0
500.0
215.0
1533.276916
170.76397
0.135
402.0
0.371707
101.514136
108.002384
23.0
82803.305655
0.141
75.0
51.0
4.0
355.0
25000.0
519.75
425.0
42976.863766
40.0
100.0
1.0
150.0
1320.485888
11.239
100.0
106.318729
1.0
1400.0
1572.304103
2.0
0.141
50.0
313001.851751
1450.494543
1.4
373.97012
50.0
101.0
200.0
10000.0
26.0
0.003703
101.0
9.0
149.593018
2.0
634.465101
57.0
10.0
90.0
120.0
42.241127
50.0
1.0
308.919513
0.1
40695.93
13717.418121
99990.0
13998.6
499.95
999.9
0.09999
1999.795295
0.128787
499.95
1.0
0.257
3.0
247975.2
5344789.800037
42996.6999
0.117988
0.003
499.95
639.936
199.98
0.29882
199.98
284471.55
12748.613946
58028.315746
28990.786297
8046.661647
252608.651266
249975.0
0.1165
1080.019447
0.121987
8571.729982
0.125987
1.0
18998.099999
935.982656
220112.215271
825.0
100000.0
7436.013357
3590.279943
5500000.0
56307.588651
201000.0
30000.0
130439.060474
403414.329494
437878.495493
15000.0
1.0
912923.600416
11400.0
7383.512956
71588.852402
14.3
39768.856832
30482.046037
517736.530817
59626.985216
10000000.0
1039900.849112
794614.378343
5000.0
2095580.0
21928.554621
12338.407289
5303.610868
200000.0
10192.97184
15073.0
144.5
20452.6628
999999.999999
22980.0
20.0
1019.72297
5872.0
17000.0
37050.584467
100.1
1093625.788426
100000.0
42556.483917
8.0
333333.0
7687.841807
47.65
25000.0
500000.0
267792.089225
9998.999999
941.0
125.0
16377.427709
10000.0
8764770.385698
10000.0
25000.0
1269833.617406
641616.095854
50536.209259
3271.68155
190950.0
10000.0
3400.0
110529.121086
15.533994
18357.40977
154050.0
26180.0
674199.999999
394731.188364
300000.0
230.0
25504.784279
300000.0
1.0
5266291.0
18979188.0
905.60997
23297.67
162413.884772
15566184.156506
12435.623245
250000.0
1000000.0
11921.876583
6684998.999999
28100.248916
594360.485027
1000.0
6000.0
160699.0
12339481.0
4280.133429
1093.0
5617.56953
25000.0
6000.0
150000.163318
450000.0
3014690.0
5000000.0
3027398.924249
73470.000099
1753665.793918
41.0
423907.462603
103000.0
554.949734
2015893.448465
61500000.0
255993.990988
2000000.000075
82402.161392
11314.487435
13691.825351
1121165.68087
7464.0
350000.0
12999.999999
12131.483249
100000.0
30000.0
30500.0
286279.975442
20065.0
27250.0
1999900.000008
6534.36826
33375.66625
245800.230503
250.0
100000.0
250000.0
211271.0
120000.0
935061.656743
500000.0
125.205288
35387.0
472.88422
9000.0
1509851.497664
7303.919382
125591.200604
1890420.430611
5000.0
1110476.829191
229294.0
11551.580744
276710.787579
43084.182502
19999.037669
142.207075
9500.0
229240.0
55152.151052
6180.78139
10000.0
964.999999
386736.420009
33400760.539295
8864.684682
50500.0
878472.045292
6000.0
21000.0
22216.625795
408300.0
12120.000001
1000.0
22420.393543
122407.368477
76430.258246
1313027.270848
36868.209689
42000.0
11998.8
12400.0
76600.765008
386736.308362
6852760.165725
14508.998121
29833.879255
112100.0
4000.0
400000.0
3915311.621758
20736645.191395
8849.0
400.0
60290.0
117127.178789
31725.0
14386.099999
25102.158839
100000.0
104001.452296
1000.0
16400.873098
32915.575077
20000.0
119329.233344
2000.0
90.0
1001500.0
4500.0
31594.0
100.0
1413233.0
7999.999999
424201.0
7000.0
346115.0
118601.853952
801.274092
100.0
0.5
4000.0
560397.339594
10668.1911
68527.0
1000000.0
774810.0
17588718.615029
113905.815419
100000.999999
50000.0
21905.0
9942.728343
651950.405949
12049.0
3000000.0
45749.646044
94325.953544
2000000.0
3685.339103
11500.0
1064.037316
40000000.0
15000.0
1440384.993915
4911732.448181
302.645398
3504.093142
1435.484421
546700.0
3041.0
13720.0
168783.670279
100000.0
296473.0
28653.902198
15679.906249
280.0
60085.0
369.0
91520.280127
964546.805267
640109.989433
100000.0
1150.0
131500.0
21532.0
16951.8
196.257125
2500000.0
1000000.0
380000.0
1147.312211
1360.382803
259.973999
10000.0
209952.158654
10000.0
1309.037741
5000.0
15053.03081
21420.3145
58699.94185
71131.203762
787000.054308
100190.860772
406490.421336
6000.668962
3290.0
86584.410949
138393.534283
55000.0
1050006.277581
3500.0
50000.0
213000.0
1000.0
1092.805528
143369.507737
1100.359318
20530.44605
2261.359178
15003.239137
1931.070392
1.0
7727.202961
368.0
1500.0
60000.0
20.0
136.77
2.483927
10002.0
1200.0
3200.0
8642.992666
210.605328
200.0
197.0
2571.120953
9659.73516
0.127
6443.472727
4258.71917
4596.0
100.0
9578.356425
1.0
1349.328443
32739.053394
1612.73328
305.887901
16484.911063
300.0
127000.0
30157.76
5000.0
0.114
10421.893836
30.0
500.0
704150.01447
8.096595
3633.953398
157433.255139
0.690736
499.95
6099.390001
327.953269
2499.75
0.128987
0.490001
5319.468001
0.143985
29.997
999.9
0.135986
3009.686841
5726.4273
699.910002
994.9005
0.2075
4999.5
199.98
0.128987
0.134986
99.99
499.95
149.985
0.056497
9.999
0.99992
0.252546
24692.137315
15270.000255
10.95
10.0
5647.737184
10.0
385.0
3655.958891
10061.117327
17522.414454
6.0
7570.431599
525.0
570.0
11038.0
531.0
142.584417
2134.921053
1632.717277
11159.120784
6812.0
16580.0
3365.995631
10.0
10.0
520.0
10000.0
16360.0
509.0
250.0
31920.396874
4751.291702
518.0
195.0
129170.303384
1053.0
415.0
10343.102927
0.748208
500.0
18.0
3040.989999
547.77777
10415.693249
30.0
10.0
3550.0
27996.383055
27914.999999
1125.583952
10.0
561.0
20596.8325
1975.272324
508.0
251.0
6304.0
2845.0
438.5
30149.0
19906.622012
144.0
3240.853335
85.0
538.0
20100.0
59114.8057
528.0
2115.831594
8903.552487
502.0
10000.0
10.95
16000.80723
9.9e-05
508.0
16922.620639
40436.0
1180.462918
25000.000083
26631.470873
530.0
372.0
6080.611226
1453.880745
20090.0
5.0
10.0
18300.0
534.0
261.551405
1.590186
44925.9165
21532.0
10.0
10.0
251.2
111.0
2455.830344
111.0
14124.0
2451.856423
112751.849533
40.002344
10.0
10.0
20049.0
10.0
1619.9
7800.0
10.95
3570.6
4676.0
18200.0
1274.333376
0.05
16780.731723
691.27226
1000.0
1201.047567
45656.5
194419.043279
41126.193925
41000.0
6208.0
112174.0
257.854356
1.052749
65036.300658
111.0
12546.506891
100.0
8823.785028
9389.945013
20900.0
2273.0
350.0
5009.8125
20050.0
2499.9375
28609.0
50.0
2638.0
26116.339256
523.0
37255.116428
76554.295521
0.8
10.0
0.826741
40.0
1249.112328
31245.0
102465.603973
2950.044617
20099.0
152.117904
526.0
534.0
10003.1
45.0
65.0
11069.800814
2249.9375
1.743051
2841.317753
564.0
522.0
9053.69433
5914.0
10500.0
2079.090003
10.0
525.6
525.0
830.0
0.0001
36.0
545.0
21.497347
54.116703
2.448962
31751.216722
1314.045249
3396.737353
176.0
10.95
100.0
17900.0
825.0
4760.403419
793.5
1763.0
76600.0
10.0
1887.0
4517.803096
6422.0
1220.677988
1791.46361
221251.125121
925000.0
3263361.537518
4057.0
2319168.904995
134100.0
1040.213707
81009.936421
6900.209173
55.0
10000.0
6120.0
80000.0
1057.196601
550841.984611
2105.0
1470.0
21523.694614
27265.910851
15.0
5000.0
9544.549461
1000.0
1481.644023
2026.531995
34.0
9485.0
7247.547602
202.231264
12180.0
20681.0
110.0
12900.0
5000.247406
102552.598273
10010.0
50000.0
2955.94
28249.176471
7075.593188
10.0
4039.207455
13000.0
2000.0
71190.0
3415.0
19384.402104
395.0
555.677797
151657.4749
19526.0
1300.0
50155.002775
714.361051
696.292498
1405.759799
66.066953
42540.18135
40745.694919
13466.0
100.0
13600.0
794.370541
81.939442
90.259301
88439.251871
500000.0
10000.0
50000.0
777.777777
0.01
7342.859581
185.729822
11000.0
5000.576219
30220.552928
3323.41007
15.52911
20065.0
2.604626
34150.0
15.2
27.24305
100.0
2089.490221
1731.183108
1199.878334
35236.0
15251279.023421
1000000.0
1000.0
64267.28497
198792.802141
500.0
15000.0
1000.0
5570.0
5000.0
1500.0
252491.343441
5000.0
2937.917348
1413.32417
2056.87309
50.0
3095.010903
141399.840775
170080.382856
100.0
10000.0
19836.59909
52816.971286
95024.712425
116.987653
1000.0
88400.0
291313.70178
20000.0
1930.0
200000.0
77144.94264
100000.0
17946.798483
500.0
12328.694397
5168.130085
1600.0
814.762895
8327.578127
100000.0
946.138729
29871.70126
1478.376896
4000000.0
4153.852555
21300.0
479.508903
18876.37
88000.0
87500.0
395.438639
236.2
400000.0
100.0
57313.09992
0.132
2961.754498
178185.41
7573.5
200.0
5519.707543
50000.0
525.197196
500.0
5000.0
3.0
69800.0
4050.039557
1.960501
1000.0
1055.313192
577.0
26.0
208708.623261
947.193736
1095533.079693
684.329204
1042.531769
490.0
108376.913558
1378.716855
280000.0
1005.0
11406.999999
3127.601559
471.08
1172.561399
1981.548063
570.5
219639.215245
79.07422
200.0
7300.0
8466000.0
2004.701706
18259.067064
0.132
50000000.0
1688.59333
2001316.603741
79891.388795
373.37118
21047.000006
3378.0
300.0
10288.835388
6000.0
190000.0
4154.681223
50.0
100.0
3.0
4298.840431
36711.026411
138.215888
70.891966
974583.121566
8447.387689
38315.791936
9131.509132
2598.408143
202000.0
7854.804088
1810.544459
49308.524481
1223646.89285
1176.016671
2800.0
17007.041301
102.082976
31638.079082
6130.005005
6692.0
1255.118883
5082.806745
1527.64352
2360583.310426
56.325182
2500.0
25154.070311
1492155.892791
0.3
457.0
8425.82777
291390.0
180.0
32400.0
155.0
185.069035
0.094391
25000.0
245500.0
1267.511298
80492.047745
12631.037662
37024.37793
17343.0
1000000.0
250.0
541.987842
2500.0
1429.677359
1002.1
500.0
60000.0
7391.785485
35000.0
335380.338694
10801.954636
676.339825
25491.330793
101.464415
13623.133587
186663.0
26276.002962
10069.0
5006.878372
5200.0
20.5
124.862067
132169.0
64739.999999
4518.445553
280000.0
0.144
69410.022327
1110.0
10000.0
4797.133774
5731.283047
166900.0
30576.355463
65012.0
7292.234229
5000.0
301319.062189
1399.859999
290000.0
98375.836368
1010.667802
274505.275487
2.0
2282.0
5966.957847
7648.654343
286855.288755
88783.625048
50000.0
50000.0
5081.47025
1614.985005
46119.082961
318.010075
85000.0
500000.0
37669.0
2613.235438
12406.240424
3744.248483
100.0
510.0
15000.0
137100.0
6000.0
18019.699625
25.0
6000.0
5786.83055
33232.626825
29440.684208
23850.179956
100888.0
101657.157876
2933.36485
1355.985245
12144.475881
2270.833834
30162.524884
127.930134
8882.582982
2278400.0
120000.0
400.0
4197.039496
61085.676387
0.0001
5000.0
164.826376
1777.338517
694.826442
16629.295371
426750.776734
8370.0
14881.039243
197589.479013
7689.671688
27943.059079
300000.000066
14774.170206
100.0
29.0
94030.66886
56053.708385
27892.594372
449214.0
459.954
15911.952099
433811.794356
44799.5197
1350389.9475
1999800.000001
4999.5
2592901.803488
214978.7
53444.655
450362.596307
3499734.221394
9998.00011
24997.5
49085.132816
440001.036521
10053194.580006
22518466.513665
2347.0
1354.062957
1e-06
1687.471108
19561.522832
5450.09643
4000.0
28.0
69.897628
11.783791
2636.596936
39941.227869
75.0
1000.0
50000.0
1198.0
17464.029859
4.093209
0.115
12700.0
77504.506751
910.0
808737.106455
114604.851115
828631.061126
172.0
151342.281372
328.729748
1009.995113
111.560165
7001.955444
15205.0
100100.0
4433.550601
411.0
505005.108198
919.395974
48.594664
10655.0
111.0
9133.0
500.0
50329.341197
5115159.736712
13543921.557699
20426.423687
27.0
3035.8
8477.926509
7000.0
5000.0
27.886996
3.3e-05
787905.219416
109569.207485
250000.0
50000.0
179047.688591
262184.29219
79710.042478
100414.248166
4067476.563193
1249.032356
1500000.0
779.589139
1811.0
3271107.730946
3001.0
18000.0
45000.0
4499.999999
49999.999999
528000.0
5100.0
682.283055
394694.886398
70000.0
60000.970785
13162.204896
15002.262966
210790.128556
8000000.0
9480.0
995.049999
550760.041375
645040.626058
500.0
664.117773
20642.954644
7470.532969
11440.0
1894253.142041
13240.0
9.081544
600.0
16240.875416
143827.565647
2000.0
2.60456
4257.42
22315.702922
63571.635436
100000.0
1310770.183611
50005.0
1176657.0
1195250.428147
12644.391692
361214.4851
221844.19338
349447.274446
1653.653259
599.939999
123320.057157
355005.0
4952.057494
1085391.659472
2326.556215
110041.075639
1650.621157
292000.0
256809.545703
1283.001788
4178865.207275
130517.434437
13081.0
4599.0
4074.333062
1892305.99512
5.0
34337.762923
1958.939441
76560.0
1895.26333
19069.791926
2249.749444
144343.0
21695.0
23622.577895
5000.0
1904500.946275
5267.822292
9181.652296
85000.0
330640.866789
7000.0
68563.670631
59900.0
3724.404769
131289.211971
15.0
25650.301532
1500.0
195.0
84864.638841
15543.123687
172.964477
6200.0
155.0
6185.661861
60000.0
2491.325438
1610.982984
119134.870223
10.0
8039.244455
10000.0
8113.338329
11100.0
1729.953918
12500.0
226.0
3218.0
1111.138295
5005.0
5.0
22000.0
1900.0
111800.0
6108.151488
65.0
85673.923785
12300.0
45840.0
135.268383
7196.275112
78.859323
50000.0
2130.839591
7234.0
101.0
6484.058611
28925.0
3545.0
1011.606558
1032.0
614511.00006
2250.3
28734.785882
3336.041021
283580.0
22785.8
372.357325
4000.0
100000.0
24721.645644
614985.5
114982.0
9526.939831
1.111
250.0
10.0
100.0
60000.0
225100.0
6391.138694
113.710877
10837.602502
1100.0
200.0
576.16372
30176.119223
2151.540431
6516.106646
3000.0
1000.0
41127.506969
7100.0
5353.004686
0.128
415.684151
3535.0
445.0
3908.256741
9571.034076
50.0
9450.0
9998.0
12746.0
1486.6
963.395605
12247.694028
60001.0
80800.0
16132.398874
21000.0
5862.08232
1039714.929679
2397.219339
118709.0
305.008251
100.965779
27500.0
24568.469058
6379.807795
3851.78038
500000.0
766.420836
705.007887
27437.0
2725.0
770.0
1505.847711
2999.7
0.125
95787.797086
3542.420412
14443.0
9300.0
314.0
292557.044205
12345.4
1593.42046
453873.180991
2000.0
230.0
12435.507299
1200.0
245100.444994
203597.650747
3437.0
27191.709999
1312.720027
30000.0
919.298889
16721.793305
271.337356
25900.935705
15205.194739
4782.76573
8150.0
37006.673545
64423.968952
8033.315403
31700.051079
10134.310723
13520.0
40000.0
5534.072804
668086.329544
37777.337843
300.0
51.17388
8000.0
1010.0
7993.701985
42726506.233572
31000.0
24000.0
9.5
500.0
184570.0
68469.690292
23.0
1019.822822
500.0625
10019.124327
3000.0
200.0
9321.86823
12602.499337
289.220779
14101.85785
32798.028658
246.579192
60637.0
158040.999982
50.0
31176.945308
2457.657378
5000.0
147.597292
326.617338
333.0
240697.418979
18680.0
3638.339277
149651.766025
3000.0
50100.0
11505.551499
120000.0
1258.440558
1048.1
1.0
1787.0
100.0
177810.0
23000.0
0.999901
0.018332
35000.0
140.082929
808.346545
1000.0
6000.0
215928.061422
131759.452675
732.087634
0.122
468213.556614
164500.0
214.558287
5000.0
10000.508045
1.0
4777.729999
51.17388
9999.999999
9968.65957
12630.698132
1425.0
570.5
22.455754
31.05
12000.0
25000.0
313.371337
5000.9998
2.604622
660505.070876
163.0
1035.0
9621620.0
70224.601646
27286.0
4900.0
312866.875435
500.0
780.0
10.0
3502.063516
1659.774776
74.350614
373.397887
97.935077
12729.071789
29038.525746
6400.0
11317.585985
1028.512023
90000.0
5697.267453
10.060186
100000.0
600.0
102458.5
9999.0
50000.100089
1949.354709
3316.0
5000.0
1.183793
20.0
532.0
1000.0
5748.144712
0.999901
755618.802207
282697.962003
91706.644093
7815.0
33553.18763
10000.0
91.461968
23998.700003
0.632147
5128.496903
0.123
3000000.0
1003865.076168
2029782.115041
99999.0
315877.318523
2294.0
33481.693421
13252.889353
233994.465763
2300.0
1500000.0
41000.761598
100000.0
12747.801228
105955.484338
35095.106584
3882.024111
3071.0
158000.0
6000.0
74703.0
44408.0
50724.057432
156000.0
8281.750076
19627.30151
7000.0
22798.290096
8113.443233
3000770.195529
5116647.72
316153.258779
35908.0
214768.792464
240000.0
500.0
324646.848157
30778.0
386325.0
350000.999999
15.0
60000.0
6458.293873
1683558.873886
1060.684951
1000000.0
129966.844535
8000.531653
508407.759532
12578.339065
107.586831
60000.0
60508.785006
105798.143846
5610.745922
460.0
99999.946626
65802.992477
2981.951657
45565.238174
5497.0
1000.0
10000.0
29478.104218
230.0
96837.342876
50672.611455
68008.449642
79578.792047
65830.0
827.877626
340729.018777
1786579.0
2264369.0
8612.9579
4000000.0
445.0
70883.536299
5656.730484
25000.0
6376.082144
39007.846778
0.13
70500.0
6391.824523
550.212997
6034.127689
18388.4
4.144581
30.0
409219.863933
380000.0
5899.66594
52550.0
424852.272184
42238.0
50000.0
15.534967
873101.139674
2885.907779
219.761019
381038.30218
599940.0
111664.477015
516735.730498
263371.462438
100.0
1000.0
2440.0
7835.304277
1000.0
100000.0
112252.776065
15365.218503
34868.86922
195485.0
82443.535837
135321.370603
32585225.0
100000.0
232.0
100000.0
3000000.0
85712.0
35383.547901
81027.891747
1355500.0
3000000.0
72387.970947
11255.0
70800.0
12019.88084
3000002.0
9.0
19.0
3002.417168
24625.0
17202.253461
10358.507957
1638519.0
40000.0
15000.0
5543.9234
436581.654051
368009.0
4046882.466979
12409.926987
3291.584966
226123.658206
15000000.0
53698436.0
14140.0
3515.969601
1525.078124
8658.462768
239051.780846
61200.0
1900000.0
15901.0
278000.0
103000.0
32083.050458
1079.238103
1.73
8896297.837631
1312.641924
12882.943109
26569.073713
16472.390277
5009.044037
579527.762404
148430.81781
45435.387968
23420.0
96000.499999
2700.0
101896.587023
1070639.0
95498.817114
4637.098145
13500.0
18301.806545
16600.0
4120.0
1216440.082241
57.358486
6300.0
365511.98956
730.0
140380.055253
14310.12888
239513.932495
65099.265261
408.650982
2257.026141
30000.0
74779.935934
3138.372231
2048.331663
72972.139287
14388.462526
26.19474
881.284479
4656.168626
19996.0002
119.976001
0.001
20699.05394
251911.47832
247178.878048
0.0002
3839.38203
406338.354507
5223333.808772
179549.308506
4003246.816326
506703.640204
921385.209311
35904.030557
2111.975257
519805.0
99.980001
21813.347261
2.9994
119964.891723
1949381.697211
2000364.128283
6842.548672
66725.681195
3500.0
721739.801743
14995.809405
1902264.122439
3.9992
2.037166
287067.442503
6119.526031
229737.336511
90476.901905
30212.645233
1033022.322139
327262.439269
5398.920054
1191019.273546
18307.80748
5257.948252
541212.932031
3513.776456
616486.005275
8655.996239
24595.080246
205158.132642
399.920004
11993.281715
9198.161091
355255.155987
76440.911331
2.9994
22786.442027
115.670223
22919.602619
149234.832868
1500000.000001
400000.0
3999.20004
13013.159759
7078882.399311
3180.0
5544.691904
14989.558925
10777.741622
9998.0001
9.844105
3147.834411
22951.832401
202945.712788
100551.273568
0.473172
18364.424489
12171645.189253
13440378.502921
5734.705084
7581.898651
40641.233845
2763.009962
78718.172609
18377.719378
650.0
363.026089
217896.287032
131.973601
499900.005001
1724.74797
39979.002999
254428.089772
6.583364
40596.196096
0.9998
5000.0
1220000.0
49990.0005
8404.699918
413856.405148
5653.869056
607867.408281
5755.652751
8015.209793
47939.508414
53948.443752
2060.564748
4348.130243
21175.0
10000.0
47357.0
960.0
70.206372
4205.788856
190.0
50.0
3000.0
15000.01111
15000.0
142422.214719
176040.0
1586.130994
500.0
80.546445
1517.051323
3550.0
112.098262
14750.0
550.0
57747.100978
400.0
1815361.261914
1130.685487
524.223799
19611.703548
117.032756
27.871619
1092.920026
4.412486
133842.375
4433.089207
26169.572816
6469.315038
148.940964
2340.0
29159.8669
20000.0
23221.845773
6458.794282
72398.0
1181939.63114
100.0
2043.171923
3645.264781
400.0
500.0
1306.0
88.0
6583.336411
48580.250489
419318.072967
6000.0
1151.0
24999.0
17645.301877
10.0
50.0
600000.0
173.15053
5000.0
150.0
194592.0
50.0
8000.0
2000.0
502829.5
99999.9375
310.0
4045.477285
183.073042
19497.026064
999.876397
840.0
6866.158509
0.9062
10100.420225
25775.361378
3097.094846
911.0
4.067749
581.225865
7691.0
782.985764
5736.804532
180.051084
199.946439
3767.725134
2149.349183
0.123
10.0
192475.319507
34861.345664
600.0
93875.125433
194.980511
77315.262545
2232.856634
59828.240672
400000.0
499.950028
34318.421872
105103.166921
10158.104964
55649.515053
1272.546555
56318.805209
112142.105591
2260228.391335
1e-06
14034.34504
95611.523798
4912.608175
103326.601779
1332.0
1027014.329009
1697.751253
65713.987775
151250.0
2233.999999
8113.382048
99846.454221
46.066667
21821.19364
589.941033
44418.233649
20000.0
49072.0
8676.174437
50000.0
50000.0
141.189659
0.115
6002.0
7821.287358
145652.152236
89000.0
1000.0
41212.431783
44831.562891
39899.0
234.007899
1174.6
10437.391053
2500.0
0.125
10000.0
1369.7124
10739520.889414
1783.957239
104040.890417
4.808954
2000.0
48065.392441
2450.0
6233.378609
1000.0
2000000.0
72649.625484
45000.0
236927.0
10000.0
0.13
21000.0
181727.52588
112.0
1510681.25234
25.0
580888.0
5000.0
2000000.0
202850.412492
500.0
3640.378041
180.0
31324584.0
500.0
1208.600645
1400.0
2465033.209551
7000.0
8.0
1666.0
0.124
8639.0
50000.0
1000.0
350395.773
279.642077
5000.0
8959.9375
100000.0
330.415345
3039.52186
1.0
6000000.0
67772.899371
2698.237407
115537.0
20941.614901
110000.0
180575.482349
287.563734
625.979449
15000.0
3087.346179
0.09999
17.998204
0.13
1115.242712
10.0
11114.0
1000000.0
722.0
60000.0
14351.582996
30.0
10375.0
25000.0
1000.0
5500.0
3450.0
471681.389154
0.13
5352.45
121.164116
25.0
30000.0
2550.0
248000.0
74650.101912
0.14
1.0
3638.545571
15.529103
468.018843
2.110495
453.0
1237359.143533
1245.0
136.931339
54081.309171
25000.0
0.133
7606.255004
155.354766
164000.0
3782.0
549.9375
2500.0
4217.406127
888.0
27.0
11260.230707
23.028659
10000.0
44228.521085
3000.0
1.26972
230.0
6240.0
90045.0
2398.536466
1.0
121000.0
604.0
673584.0
0.118
630.0
1000.0
500.0
11680.590549
33.747556
96450.0
11697.0
57351.52575
32.058138
258.569637
122.0
2000.0
1541712.0
71875.801566
135.798236
216094.0
4748.0
14.0
5.0
20.0
61000.0
241174.965318
1000.0
1426.0
83000.0
154015.049616
20051.46339
56952.857045
2173010.147437
103000.0
50000.0
4141592.0
426400.0
30000.0
38994.300569
51174.974673
7000.0
999.9
8599.14
99990.000001
599.94
999.9
249.975
0.19998
499.95
0.125987
1199.88
0.129987
99.99
2.0
0.114988
65285.226333
52428.908885
24.9975
499.95
3968.6031
0.124987
99.99
99.970002
0.124987
13998.6
999.9
159354.914895
0.3
12998.7
839.193248
749.925
58.9941
70000.0
1000.0
7285.279375
200.0
2500.0
0.459
496.0
4235.0
1014.542899
0.121
1.0
37106.0
5000.0
108.0
150.0
100000.0
500.0
2633.925073
1000.0
0.123
1.0
100.0
14500.0
446.0
130.0
600.0
11620.0
141.017859
5000.0
54692.189013
639.611368
1671274.59555
990.0
10000.0
7000098.0
236.960642
56766.664516
418391.0
18.0
15000.0
284746.0
167000.301521
745704.928616
5000.0
20478.0
4200.0
60839.999999
1183.424633
200000.0
13021.646942
45.0
1000.0
28171.379054
101.635722
3564.494081
1215.925971
3701.0
1290.0
10.0
17437.0
305.0
6621.434919
10065.316575
5279.252395
11397.107404
4700711.908443
0.121
129230.811281
140000.0
6000.0
1000000.0
18.141
10000.0
500.0
10573.0
30004.334306
11.0
0.117
50.936088
0.112
10000.0
286000.0
12.0
14999.0
334745.496078
718155.071106
50.0
300000.0
2000.0
6135.130945
1408.321746
17073.581454
2781.451835
100000.0
1090.881331
500.0
7197.0
1.0
735.677226
3651.154012
2.0
4100.0
386.103282
10000.0
100000.0
17177.426362
15616.027006
100.0
7831.58771
58573.41974
5534.917477
400.701235
38440.0
778.725633
90535.0
9799.999999
1635.0
111.0
838.468054
29289.357852
26852.475866
12000.616729
769.325672
24000.0
4849.0
13340.000004
249999.999999
138099.189999
10000.0
1570.0
15.519443
50.0
76551.783486
3536.694846
2675.626068
5825.0
204089.996398
1199.507809
5220.0
441320.0
49639.0
1643.49683
7355196.811514
299.969999
513481.242715
3242.0
770.168867
5112.819122
134.886379
224213.254242
55000.0
176183.249183
2000000.000002
1000.0
1800000.0
100001.0
2754.994717
11000.0
922.377738
19.979999
22871.792147
86305.786117
519.296224
100000.0
500000.0
10150.0
501828.499953
167054.630846
500.0
79.808559
50000.000081
16296.974199
98.0
63819.936416
2000.0
10000.0
2000001.0
7550.30527
327425.142377
500.0
100000.0
27060.502118
39298.197423
1.0
30000.0
5028.662573
90408.0
5060.0
1253874.251037
149700.0
190019999.0
13440747.0
10000.0
18.0
50066.097208
910.0
21126896.598514
250.0
1006.212616
322.328948
9999.0
13182.686931
230000.0
5100.0
15000.0
4534.768788
12599.596874
220000.0
20000.328258
200000.0
60000.0
176392.0
23632.124906
2000000.0
13645.0
0.844833
507.011327
376000.0
544459.0
180.0
7400.0
639029.0
100001.0
500000.0
11408.0
55577.296154
107.978501
3803.843188
7750.239901
16000.0
999.999999
20000.0
1500.0
1e-06
4699.53
3845.6154
38996.694046
2203884.682245
444884.302977
5366.269846
